-7814166006876469248 7
8289805089803415552 4
3406567188558903296 3
-2218374623798050816 5
-356137737994582016 5
-2380248342859993088 6
-8109189873118849024 3
2326635431454425088 6
-2715075677956554752 5
-6740636692378368000 8
7375923132669403136 2
-1429287581316683776 6
-8012219030185197568 8
-1513725344953585664 2
-6578379344943372288 4
-7772672023987394560 7
-6856099848388261888 6
-4908327795858626560 7
588902498421671936 4
5050901131087269888 2
-6661395439198404608 1
-1035053748987066368 7
6612748814015875072 8
5497623085120706560 8
-3353538167120197632 6
-1560475742283499520 7
5038844353523232768 5
846801996723521536 7
-3589367972542341120 4
-7893339399047931904 2
-8795781791260723200 5
-4457009392411168768 6
-5385003171385665536 7
8465265600032022528 5
101326458536415232 8
6388710943707088896 7
-3115482194961588224 7
4857582768907790336 5
5569881227855765504 6
3706396096816347136 5
-9068968618579863552 4
7418939139530608640 5
-4353303165970759680 7
-4353303165970759680 6
-4378997987328849920 6
-4378997987328849920 7
4290341586052829184 5
4290341586052829184 4
7479668901890654208 5
7479668901890654208 7
1140880350562476032 4
1140880350562476032 2
-8015973966314428416 5
-8015973966314428416 4
-4657950294315866112 3
-4657950294315866112 5
8647494943394836480 5
8647494943394836480 5