-8795781791260723200 5
-8012219030185197568 8
-7814166006876469248 7
-7772672023987394560 7
-6856099848388261888 6
-6740636692378368000 8
-5385003171385665536 7
-4908327795858626560 7
-4457009392411168768 6
-4378997987328849920 6
-4353303165970759680 6
-3353538167120197632 6
-3115482194961588224 7
-2715075677956554752 5
-2380248342859993088 6
-2218374623798050816 5
-1560475742283499520 7
-1429287581316683776 6
-1035053748987066368 7
-356137737994582016 5
101326458536415232 8
846801996723521536 7
2326635431454425088 6
3706396096816347136 5
4857582768907790336 5
5038844353523232768 5
5497623085120706560 8
5569881227855765504 6
6388710943707088896 7
6612748814015875072 8
7418939139530608640 5
7479668901890654208 6
8465265600032022528 5
8647494943394836480 5
