8
[43, 7, 0, 2, 49, 3, 7, 16]
[212, 296, 400, 463, 315, 421, 405, 488]
[421, 394, 445, 430, 386, 467, 367, 442]
9
[103, 57, 55, 54, 47, 42, 35, 55]
[406, 378, 368, 555, 329, 320, 406, 365]
[133, 156, 124, 139, 390, 341, 138, 133]
7
[128, 52, 27, 57, 39, 59, 25, 44]
[364, 332, 450, 380, 346, 520, 324, 385]
[114, 164, 174, 138, 164, 146, 215, 115]
6
[107, 11, 53, 128, 61, 0, 101, 108, 110]
[332, 242, 308, 343, 442, 309, 339, 344, 311]
[368, 370, 367, 389, 333, 502, 404, 355, 372]
7
[128, 0, 21, 0, 26, 37, 44, 68]
[346, 456, 327, 352, 348, 354, 437, 389]
[411, 198, 263, 257, 225, 220, 251, 205]
5
[128, 3, 40, 31, 33, 76, 0, 92]
[430, 236, 203, 311, 231, 391, 265, 377]
[344, 352, 367, 343, 326, 326, 312, 282]
6
[54, 0, 82, 0, 69, 0, 122, 0, 66, 2]
[418, 446, 434, 435, 326, 417, 353, 426, 383, 421]
[241, 478, 283, 344, 276, 343, 383, 355, 156, 405]
5
[118, 37, 38, 22, 85, 67, 88]
[243, 164, 168, 248, 244, 274, 240]
[416, 272, 292, 276, 354, 376, 380]
6
[42, 62, 114, 20, 120, 33, 78, 115, 20, 125]
[265, 206, 380, 300, 433, 274, 242, 432, 299, 410]
[336, 287, 292, 342, 274, 353, 323, 296, 317, 284]
4
[0, 43, 61, 50, 27, 35, 15]
[393, 336, 286, 219, 198, 367, 396]
[384, 243, 379, 317, 404, 348, 359]
8
[108, 0, 62, 58, 65, 28, 6]
[0, 17, 223, 399, 225, 0, 151]
[0, 214, 146, 106, 0, 219, 0]