9
[55, 32, 33, 38, 32, 39, 32, 37]
[364, 386, 381, 398, 390, 389, 379, 396]
[302, 306, 306, 380, 224, 307, 261, 279]
5
[93, 25, 49, 25, 25, 25, 25, 31, 25, 27]
[399, 350, 363, 389, 399, 390, 414, 379, 374, 394]
[302, 282, 330, 305, 311, 320, 323, 299, 296, 327]
5
[128, 23, 50, 56, 45, 52, 58]
[330, 302, 253, 310, 283, 274, 364]
[392, 325, 290, 302, 328, 332, 268]
6
[53, 90, 55, 98, 68, 128, 49, 121]
[301, 263, 297, 313, 273, 370, 277, 349]
[345, 348, 370, 338, 339, 327, 339, 330]
8
[82, 91, 45, 41, 52, 101, 128, 33]
[379, 322, 382, 349, 342, 358, 331, 356]
[229, 221, 242, 228, 215, 214, 283, 244]
6
[37, 3, 35, 3, 50, 3, 51, 34]
[402, 387, 389, 380, 398, 380, 496, 385]
[351, 278, 342, 351, 321, 292, 304, 267]
5
[17, 89, 50, 125, 61, 58, 81, 62, 93]
[384, 562, 179, 286, 133, 377, 222, 131, 218]
[196, 256, 587, 318, 360, 391, 263, 571, 361]
8
[46, 101, 25, 53, 25, 53, 53, 36]
[319, 361, 353, 336, 363, 335, 340, 336]
[208, 226, 260, 224, 218, 216, 191, 241]
7
[66, 44, 72, 50, 44, 58, 48, 128]
[280, 272, 224, 278, 267, 349, 301, 361]
[335, 345, 336, 346, 336, 330, 327, 311]
5
[73, 21, 38, 21, 46, 33, 31, 21]
[376, 384, 402, 398, 511, 384, 401, 386]
[301, 239, 326, 286, 298, 239, 317, 263]
6
[63, 9, 82, 9, 26, 44, 49, 73, 9]
[352, 306, 264, 283, 288, 266, 282, 381, 296]
[275, 348, 282, 335, 322, 280, 314, 293, 327]
5
[112, 34, 57, 43, 71, 18, 50, 18]
[282, 314, 291, 266, 331, 278, 298, 306]
[284, 382, 318, 305, 268, 298, 406, 308]
5
[34, 120, 52, 0, 18, 50, 46, 60]
[360, 307, 349, 380, 395, 424, 440, 428]
[233, 185, 224, 215, 182, 190, 213, 247]
9
[62, 103, 50, 128, 50, 72, 50, 99, 65, 64]
[291, 297, 278, 357, 272, 270, 276, 347, 312, 250]
[356, 344, 350, 314, 354, 352, 337, 330, 343, 328]
5
[128, 25, 51, 82, 45, 44, 27, 99]
[317, 280, 274, 324, 302, 287, 314, 299]
[384, 343, 286, 344, 283, 372, 313, 315]
5
[74, 27, 63, 27, 31, 50, 27, 63]
[275, 392, 374, 380, 386, 397, 377, 359]
[299, 200, 326, 248, 342, 287, 262, 215]
10
[83, 88, 86, 81, 69, 73, 123, 0]
[354, 378, 336, 358, 328, 354, 361, 346]
[214, 200, 209, 175, 207, 199, 222, 250]
